image_transducer0_3D_t1464352027915_layer0
0.725038 0.679618 0.111403 -95.9865
0.235457 -0.0926405 -0.967501 47.6009
-0.647179 0.727737 -0.227267 345.065
0 0 0 1
image_transducer0_3D_t1464352028188_layer0
0.725286 0.680808 0.102134 -95.9532
0.231896 -0.101952 -0.967424 47.3904
-0.648186 0.725376 -0.2319 344.878
0 0 0 1
image_transducer0_3D_t1464352028460_layer0
0.721275 0.686268 0.0936417 -95.4196
0.225714 -0.105105 -0.968549 47.183
-0.65481 0.719759 -0.230788 345.02
0 0 0 1
image_transducer0_3D_t1464352028733_layer0
0.717986 0.69097 0.0838222 -94.9249
0.213191 -0.103702 -0.971534 47.5991
-0.662575 0.715451 -0.221844 345.185
0 0 0 1
image_transducer0_3D_t1464352029006_layer0
0.714655 0.695734 0.0720601 -94.798
0.200322 -0.104904 -0.974141 47.7352
-0.670149 0.710643 -0.214419 345.32
0 0 0 1
image_transducer0_3D_t1464352029279_layer0
0.713654 0.698151 0.0570453 -94.733
0.183532 -0.107793 -0.97713 47.6587
-0.675999 0.707835 -0.205137 345.56
0 0 0 1
image_transducer0_3D_t1464352029551_layer0
0.713505 0.699642 0.0371804 -94.5534
0.164987 -0.116227 -0.979468 47.2582
-0.680919 0.705022 -0.198438 345.744
0 0 0 1
image_transducer0_3D_t1464352029824_layer0
0.714405 0.699368 0.0219004 -94.6552
0.149084 -0.121577 -0.981368 47.1811
-0.683637 0.704391 -0.191197 346.017
0 0 0 1
image_transducer0_3D_t1464352030097_layer0
0.719068 0.694902 0.00460391 -94.6396
0.126429 -0.12432 -0.984201 47.695
-0.683313 0.708322 -0.177327 346.279
0 0 0 1
image_transducer0_3D_t1464352030370_layer0
0.711941 0.701833 -0.0232379 -94.6722
0.0930183 -0.127064 -0.987572 47.698
-0.696023 0.700963 -0.155821 347.15
0 0 0 1
image_transducer0_3D_t1464352030642_layer0
0.706063 0.70687 -0.0422099 -94.0835
0.0620113 -0.121102 -0.990751 48.7086
-0.705401 0.696945 -0.129415 347.267
0 0 0 1
image_transducer0_3D_t1464352030915_layer0
0.703539 0.708772 -0.0514541 -94.0003
0.048235 -0.119868 -0.991668 49.0514
-0.70899 0.695225 -0.118594 347.573
0 0 0 1
image_transducer0_3D_t1464352031188_layer0
0.702375 0.70921 -0.0605231 -94.265
0.041525 -0.125712 -0.991248 49.0823
-0.710567 0.693745 -0.117822 347.257
0 0 0 1
image_transducer0_3D_t1464352031461_layer0
0.700776 0.709642 -0.0727668 -94.3556
0.0351626 -0.136242 -0.990102 48.5848
-0.712487 0.691311 -0.120503 347.201
0 0 0 1
image_transducer0_3D_t1464352031734_layer0
0.707091 0.703521 -0.071074 -94.217
0.0336844 -0.133913 -0.990472 48.8221
-0.706291 0.697989 -0.118461 347.704
0 0 0 1
image_transducer0_3D_t1464352032006_layer0
0.707294 0.702781 -0.0761954 -93.6733
0.0321631 -0.139669 -0.989727 48.7661
-0.706159 0.697607 -0.121466 347.295
0 0 0 1
image_transducer0_3D_t1464352032279_layer0
0.704343 0.705602 -0.0774585 -93.9295
0.0361654 -0.144649 -0.988872 48.4319
-0.70891 0.693734 -0.127476 346.834
0 0 0 1
image_transducer0_3D_t1464352032552_layer0
0.69788 0.709331 -0.0989225 -93.3088
0.0146154 -0.152194 -0.988294 47.4552
-0.716037 0.688295 -0.116655 347.153
0 0 0 1
image_transducer0_3D_t1464352032825_layer0
0.706559 0.69586 -0.128553 -94.7355
-0.0397888 -0.142301 -0.989077 49.2892
-0.706507 0.703984 -0.0729293 349.134
0 0 0 1
image_transducer0_3D_t1464352033098_layer0
0.706753 0.694792 -0.133183 -93.284
-0.0881877 -0.100249 -0.991104 53.4573
-0.701915 0.712235 -0.00964961 348.372
0 0 0 1
image_transducer0_3D_t1464352033370_layer0
0.706735 0.694589 -0.134333 -92.4489
-0.101113 -0.0887423 -0.990968 54.5556
-0.700187 0.713958 0.00744526 348.581
0 0 0 1
image_transducer0_3D_t1464352033643_layer0
0.707131 0.693045 -0.140098 -92.6973
-0.117594 -0.0800893 -0.989887 55.3111
-0.697208 0.716476 0.0247956 349.167
0 0 0 1
image_transducer0_3D_t1464352033916_layer0
0.713627 0.681537 -0.161918 -94.0718
-0.175751 -0.049532 -0.983251 58.0023
-0.678092 0.73015 0.0843679 351.17
0 0 0 1
image_transducer0_3D_t1464352034188_layer0
0.713639 0.683511 -0.153309 -93.0805
-0.178083 -0.0346167 -0.983471 59.4693
-0.67747 0.729163 0.0969528 349.8
0 0 0 1
image_transducer0_3D_t1464352034461_layer0
0.720291 0.672755 -0.168974 -93.9794
-0.205532 -0.0256374 -0.97838 60.7477
-0.662493 0.739464 0.119743 350.002
0 0 0 1
image_transducer0_3D_t1464352034734_layer0
0.718745 0.666942 -0.196384 -94.4644
-0.242934 -0.0237107 -0.96982 62.0665
-0.651421 0.744775 0.144919 350.496
0 0 0 1
image_transducer0_3D_t1464352035007_layer0
0.713221 0.665679 -0.219458 -93.9402
-0.265623 -0.0330132 -0.963578 61.9755
-0.648629 0.745551 0.153213 349.819
0 0 0 1
image_transducer0_3D_t1464352035280_layer0
0.710612 0.661552 -0.23949 -94.2263
-0.291612 -0.0327946 -0.956041 62.5307
-0.640276 0.749225 0.169552 349.885
0 0 0 1
image_transducer0_3D_t1464352035553_layer0
0.711504 0.657455 -0.247973 -94.5832
-0.29479 -0.0410093 -0.954748 61.7489
-0.637825 0.75242 0.164572 350.073
0 0 0 1
image_transducer0_3D_t1464352035825_layer0
0.71192 0.652642 -0.259238 -95.0563
-0.294659 -0.0574263 -0.953941 60.8846
-0.637422 0.75553 0.151362 350.081
0 0 0 1
image_transducer0_3D_t1464352036098_layer0
0.712751 0.647569 -0.269476 -95.8915
-0.292622 -0.0745877 -0.953379 59.676
-0.637432 0.75839 0.136268 350.232
0 0 0 1
image_transducer0_3D_t1464352036371_layer0
0.716442 0.647871 -0.258745 -96.07
-0.251863 -0.105634 -0.962042 57.2015
-0.650566 0.754433 0.0874293 349.433
0 0 0 1
image_transducer0_3D_t1464352036643_layer0
0.715242 0.651053 -0.254035 -96.342
-0.21949 -0.135805 -0.966176 54.5794
-0.663485 0.746828 0.0456987 348.522
0 0 0 1
image_transducer0_3D_t1464352036916_layer0
0.705111 0.655701 -0.269913 -95.267
-0.197461 -0.183991 -0.962946 51.1318
-0.68102 0.732303 -0.000328365 347.859
0 0 0 1
image_transducer0_3D_t1464352037189_layer0
0.707246 0.654587 -0.267014 -95.7832
-0.181549 -0.196831 -0.963537 49.4746
-0.683231 0.729957 -0.0204393 347.723
0 0 0 1
image_transducer0_3D_t1464352037462_layer0
0.707379 0.654905 -0.26588 -95.2507
-0.168786 -0.20874 -0.96335 48.5925
-0.686358 0.726355 -0.0371908 347.991
0 0 0 1
image_transducer0_3D_t1464352037735_layer0
0.7079 0.649746 -0.276921 -96.5709
-0.167619 -0.226297 -0.959581 47.8108
-0.686106 0.72573 -0.0513576 348.024
0 0 0 1
image_transducer0_3D_t1464352038007_layer0
0.706833 0.635638 -0.310372 -95.7962
-0.170012 -0.273225 -0.946858 45.5612
-0.686618 0.722064 -0.0851314 347.192
0 0 0 1
image_transducer0_3D_t1464352038280_layer0
0.714554 0.620433 -0.323193 -98.6702
-0.15928 -0.30554 -0.938811 42.8074
-0.681178 0.722338 -0.119577 346.63
0 0 0 1
image_transducer0_3D_t1464352038553_layer0
0.700456 0.622369 -0.349286 -98.4641
-0.161138 -0.338832 -0.926992 40.7801
-0.695239 0.70563 -0.137125 345.914
0 0 0 1
image_transducer0_3D_t1464352038826_layer0
0.698694 0.619931 -0.357063 -99.4665
-0.166314 -0.34465 -0.923928 39.7082
-0.695792 0.704958 -0.137777 346.128
0 0 0 1
image_transducer0_3D_t1464352039098_layer0
0.676815 0.643314 -0.357849 -97.3135
-0.161145 -0.34482 -0.92478 37.858
-0.718272 0.683601 -0.129788 345.593
0 0 0 1
image_transducer0_3D_t1464352039371_layer0
0.670546 0.649924 -0.357708 -97.104
-0.160731 -0.343419 -0.925373 37.9594
-0.724219 0.678031 -0.125891 345.549
0 0 0 1
image_transducer0_3D_t1464352039644_layer0
0.662886 0.656983 -0.359091 -97.0465
-0.161939 -0.342418 -0.925533 37.8004
-0.730971 0.671705 -0.120668 345.489
0 0 0 1
image_transducer0_3D_t1464352039916_layer0
0.653604 0.666213 -0.359102 -96.999
-0.147727 -0.353023 -0.923924 36.897
-0.742252 0.656962 -0.132395 345.396
0 0 0 1
image_transducer0_3D_t1464352040189_layer0
0.647712 0.666184 -0.369679 -96.7977
-0.153085 -0.361496 -0.919766 35.4185
-0.746321 0.652368 -0.132238 344.666
0 0 0 1
image_transducer0_3D_t1464352040462_layer0
0.64817 0.66622 -0.368811 -96.5074
-0.136241 -0.375027 -0.916992 33.8558
-0.749183 0.644647 -0.152391 343.524
0 0 0 1
image_transducer0_3D_t1464352040735_layer0
0.647846 0.666226 -0.369368 -95.9149
-0.130423 -0.38069 -0.915503 33.0934
-0.750497 0.641313 -0.159813 342.868
0 0 0 1
image_transducer0_3D_t1464352041008_layer0
0.635632 0.678866 -0.367573 -95.4359
-0.125838 -0.37863 -0.916998 32.0859
-0.761641 0.629162 -0.155318 342.084
0 0 0 1
image_transducer0_3D_t1464352041280_layer0
0.612408 0.703268 -0.361069 -92.8993
-0.118759 -0.369684 -0.921581 31.775
-0.781545 0.607299 -0.142953 340.449
0 0 0 1
image_transducer0_3D_t1464352041553_layer0
0.587519 0.711343 -0.385773 -95.3508
-0.131893 -0.386145 -0.913004 29.6646
-0.798365 0.587323 -0.133121 340.201
0 0 0 1
image_transducer0_3D_t1464352041826_layer0
0.571842 0.714411 -0.403269 -97.455
-0.151074 -0.391426 -0.907768 27.1708
-0.806309 0.580058 -0.115978 341.163
0 0 0 1
image_transducer0_3D_t1464352042098_layer0
0.564645 0.719558 -0.40426 -98.6273
-0.153427 -0.389729 -0.908103 25.6821
-0.810923 0.574815 -0.109732 341.176
0 0 0 1
image_transducer0_3D_t1464352042371_layer0
0.562066 0.72174 -0.403964 -99.0251
-0.162403 -0.382565 -0.909588 24.2683
-0.810967 0.576888 -0.0978877 342.339
0 0 0 1
image_transducer0_3D_t1464352042644_layer0
0.55286 0.739825 -0.383431 -96.9723
-0.163465 -0.354881 -0.920556 22.7822
-0.817059 0.571649 -0.0753362 342.364
0 0 0 1
image_transducer0_3D_t1464352042917_layer0
0.538702 0.762428 -0.358497 -97.165
-0.161877 -0.323883 -0.932193 20.9544
-0.826775 0.560239 -0.0511273 343.07
0 0 0 1
image_transducer0_3D_t1464352043190_layer0
0.525603 0.774129 -0.352823 -96.6911
-0.186196 -0.299955 -0.935655 20.5598
-0.83008 0.557508 -0.0135866 344.667
0 0 0 1
image_transducer0_3D_t1464352043463_layer0
0.513959 0.78949 -0.335516 -96.0004
-0.181898 -0.28189 -0.942097 17.6415
-0.838284 0.545259 -0.00134115 344.224
0 0 0 1
image_transducer0_3D_t1464352043735_layer0
0.507961 0.801546 -0.315465 -94.9175
-0.163223 -0.269991 -0.948978 15.2685
-0.84575 0.533567 -0.00638242 342.865
0 0 0 1
image_transducer0_3D_t1464352044008_layer0
0.500183 0.807031 -0.313908 -95.3354
-0.165899 -0.266448 -0.949516 13.8507
-0.849855 0.52704 0.000545521 342.516
0 0 0 1
image_transducer0_3D_t1464352044281_layer0
0.489248 0.81462 -0.311534 -95.5587
-0.17006 -0.261201 -0.950237 12.0357
-0.855381 0.517912 0.0106748 342.533
0 0 0 1
image_transducer0_3D_t1464352044555_layer0
0.482185 0.819326 -0.310204 -94.8978
-0.173103 -0.25796 -0.950573 9.87367
-0.858774 0.512081 0.0173766 341.847
0 0 0 1
image_transducer0_3D_t1464352044828_layer0
0.4798 0.821892 -0.307097 -95.146
-0.168594 -0.257087 -0.95162 8.35812
-0.861004 0.508393 0.0151487 341.074
0 0 0 1
image_transducer0_3D_t1464352045100_layer0
0.478632 0.821606 -0.309674 -95.9083
-0.169076 -0.259809 -0.950795 6.53033
-0.861559 0.50747 0.0144938 340.734
0 0 0 1
image_transducer0_3D_t1464352045373_layer0
0.477485 0.821963 -0.310499 -96.293
-0.164866 -0.263253 -0.950586 4.60889
-0.863011 0.505113 0.00974791 340.086
0 0 0 1
image_transducer0_3D_t1464352045646_layer0
0.471269 0.827262 -0.30589 -96.0724
-0.160341 -0.26064 -0.952079 2.80042
-0.86727 0.497764 0.00974588 339.671
0 0 0 1
image_transducer0_3D_t1464352045918_layer0
0.467287 0.830587 -0.302974 -95.7395
-0.156835 -0.259339 -0.953018 1.74757
-0.870061 0.492882 0.00901236 339.1
0 0 0 1
image_transducer0_3D_t1464352046191_layer0
0.458664 0.838062 -0.295476 -95.1178
-0.155946 -0.2514 -0.955289 0.768259
-0.874796 0.484267 0.0153181 338.746
0 0 0 1
image_transducer0_3D_t1464352046464_layer0
0.442157 0.845117 -0.300508 -95.1541
-0.249445 -0.205909 -0.9463 3.48147
-0.86153 0.4934 0.119704 340.473
0 0 0 1
image_transducer0_3D_t1464352046737_layer0
0.42357 0.856443 -0.295172 -93.9765
-0.321533 -0.162433 -0.932922 5.77264
-0.846856 0.490086 0.206517 341.399
0 0 0 1
image_transducer0_3D_t1464352047010_layer0
0.4193 0.860415 -0.289669 -93.8168
-0.327499 -0.154177 -0.932247 6.09202
-0.846695 0.485778 0.217083 340.843
0 0 0 1
image_transducer0_3D_t1464352047283_layer0
0.438165 0.862412 -0.253542 -94.033
-0.246847 -0.155726 -0.956519 3.63118
-0.864313 0.481725 0.144591 339.826
0 0 0 1
image_transducer0_3D_t1464352047555_layer0
0.492469 0.845527 -0.206334 -94.5691
-0.0820211 -0.1909 -0.97823 -2.52767
-0.866434 0.498704 -0.0247293 337.662
0 0 0 1
image_transducer0_3D_t1464352047828_layer0
0.510687 0.841032 -0.17853 -94.1224
-0.00265508 -0.206082 -0.97858 -6.06716
-0.859739 0.50026 -0.103082 336.718
0 0 0 1
image_transducer0_3D_t1464352048101_layer0
0.511554 0.842218 -0.170269 -95.1547
0.0382714 -0.220275 -0.974733 -9.08088
-0.858375 0.492151 -0.144989 337.437
0 0 0 1
image_transducer0_3D_t1464352048373_layer0
0.513325 0.844194 -0.154406 -95.1653
0.103587 -0.23954 -0.965388 -13.1672
-0.851896 0.479605 -0.210485 334.46
0 0 0 1
image_transducer0_3D_t1464352048646_layer0
0.514212 0.843323 -0.156204 -95.1822
0.109341 -0.245087 -0.963358 -16.1107
-0.850641 0.478333 -0.218312 332.999
0 0 0 1
image_transducer0_3D_t1464352048919_layer0
0.516747 0.844055 -0.143351 -94.8891
0.144559 -0.251046 -0.95716 -18.0398
-0.843822 0.473931 -0.25182 330.933
0 0 0 1
image_transducer0_3D_t1464352049192_layer0
0.517489 0.843563 -0.14357 -94.5574
0.147745 -0.253338 -0.956069 -19.3245
-0.842814 0.473588 -0.255809 329.63
0 0 0 1
image_transducer0_3D_t1464352049464_layer0
0.517642 0.843435 -0.143771 -94.9788
0.149561 -0.254639 -0.955441 -20.8256
-0.842401 0.473118 -0.258034 329.03
0 0 0 1
image_transducer0_3D_t1464352049737_layer0
0.53053 0.836594 -0.136571 -95.772
0.176404 -0.266546 -0.94758 -24.2688
-0.829084 0.478673 -0.289067 329.27
0 0 0 1
image_transducer0_3D_t1464352050010_layer0
0.533597 0.837902 -0.11488 -95.423
0.223878 -0.27093 -0.936238 -27.4916
-0.815545 0.473901 -0.332234 328.933
0 0 0 1
image_transducer0_3D_t1464352050283_layer0
0.528803 0.841909 -0.107516 -95.2794
0.236816 -0.268004 -0.933893 -27.8125
-0.815013 0.468431 -0.341177 328.373
0 0 0 1
image_transducer0_3D_t1464352050556_layer0
0.492399 0.8657 -0.0900836 -93.2095
0.242612 -0.235913 -0.941037 -26.9645
-0.835849 0.441558 -0.32627 327.232
0 0 0 1
image_transducer0_3D_t1464352050828_layer0
0.4605 0.883747 -0.0833282 -90.8961
0.252089 -0.220205 -0.942352 -26.1039
-0.851088 0.412996 -0.324265 326.323
0 0 0 1
image_transducer0_3D_t1464352051101_layer0
0.441005 0.893924 -0.0801834 -89.8834
0.246865 -0.206704 -0.946784 -24.744
-0.862863 0.39779 -0.311913 326.544
0 0 0 1
image_transducer0_3D_t1464352051374_layer0
0.409903 0.909349 -0.0713041 -88.8117
0.250671 -0.187459 -0.949786 -24.746
-0.876985 0.371495 -0.304863 325.62
0 0 0 1
image_transducer0_3D_t1464352051647_layer0
0.395848 0.916222 -0.0621539 -87.8462
0.264952 -0.178743 -0.947586 -25.5475
-0.879241 0.358682 -0.313585 325.018
0 0 0 1
image_transducer0_3D_t1464352051920_layer0
0.393022 0.917766 -0.0571012 -87.3222
0.269634 -0.174383 -0.947078 -26.3786
-0.879086 0.356876 -0.316073 324.918
0 0 0 1
image_transducer0_3D_t1464352052192_layer0
0.393022 0.917766 -0.0571012 -87.3222
0.269634 -0.174383 -0.947078 -26.3786
-0.879086 0.356876 -0.316073 324.918
0 0 0 1
image_transducer0_3D_t1464352052465_layer0
0.39244 0.918052 -0.0565035 -87.2801
0.270693 -0.17398 -0.94685 -26.4153
-0.87902 0.356336 -0.316862 324.847
0 0 0 1
image_transducer0_3D_t1464352052738_layer0
0.376132 0.924854 -0.0565101 -86.7028
0.278636 -0.171056 -0.945076 -27.529
-0.883655 0.339778 -0.322113 323.758
0 0 0 1
image_transducer0_3D_t1464352053010_layer0
0.369778 0.927614 -0.0531129 -86.4409
0.285266 -0.167741 -0.943691 -28.1207
-0.884221 0.333855 -0.326719 322.839
0 0 0 1
image_transducer0_3D_t1464352053284_layer0
0.365329 0.929261 -0.0550879 -86.0677
0.281325 -0.166615 -0.945072 -28.3152
-0.887328 0.329815 -0.322369 323.084
0 0 0 1
image_transducer0_3D_t1464352053556_layer0
0.363331 0.930074 -0.0545763 -85.7723
0.282264 -0.165705 -0.944953 -28.4439
-0.88785 0.327976 -0.322807 322.676
0 0 0 1
image_transducer0_3D_t1464352053829_layer0
0.361117 0.930862 -0.0558218 -85.8186
0.281575 -0.1659 -0.945124 -28.8596
-0.888971 0.325633 -0.322092 322.561
0 0 0 1
image_transducer0_3D_t1464352054102_layer0
0.362905 0.930153 -0.0560435 -85.608
0.281987 -0.166936 -0.944819 -29.7799
-0.888112 0.327126 -0.322948 321.889
0 0 0 1
image_transducer0_3D_t1464352054375_layer0
0.36304 0.930073 -0.0564911 -85.0863
0.291821 -0.171059 -0.941087 -30.7563
-0.884874 0.325218 -0.333592 320.367
0 0 0 1
image_transducer0_3D_t1464352054647_layer0
0.364081 0.929397 -0.0607672 -84.9842
0.292231 -0.175933 -0.94006 -31.3678
-0.884311 0.324551 -0.335728 319.682
0 0 0 1
image_transducer0_3D_t1464352054920_layer0
0.362246 0.930089 -0.0611413 -84.7449
0.296179 -0.177047 -0.938614 -32.0361
-0.883751 0.321951 -0.339683 318.875
0 0 0 1
image_transducer0_3D_t1464352055193_layer0
0.360496 0.930765 -0.0612091 -84.3939
0.296969 -0.176723 -0.938425 -32.6637
-0.884202 0.320172 -0.340191 318.404
0 0 0 1
image_transducer0_3D_t1464352055466_layer0
0.359319 0.931255 -0.0606751 -83.8352
0.298869 -0.176414 -0.93788 -33.0865
-0.88404 0.318915 -0.341788 317.544
0 0 0 1
image_transducer0_3D_t1464352055739_layer0
0.361614 0.930379 -0.0604712 -83.9296
0.302491 -0.17842 -0.936337 -33.7381
-0.88187 0.320352 -0.346026 316.457
0 0 0 1
image_transducer0_3D_t1464352056011_layer0
0.362404 0.929969 -0.0620358 -83.9316
0.305293 -0.181325 -0.934869 -34.4294
-0.880579 0.319912 -0.349701 315.789
0 0 0 1
image_transducer0_3D_t1464352056284_layer0
0.360374 0.93081 -0.0612387 -83.1372
0.313894 -0.182819 -0.931723 -35.1733
-0.878385 0.316598 -0.358135 315.174
0 0 0 1
image_transducer0_3D_t1464352056557_layer0
0.362261 0.930138 -0.060305 -82.9272
0.321785 -0.185517 -0.928492 -35.7803
-0.874746 0.317004 -0.366586 313.729
0 0 0 1
image_transducer0_3D_t1464352056830_layer0
0.366125 0.928089 -0.0680411 -83.3008
0.316765 -0.193039 -0.928684 -36.8425
-0.87497 0.318513 -0.364739 312.622
0 0 0 1
image_transducer0_3D_t1464352057102_layer0
0.362365 0.929442 -0.069685 -82.5464
0.322218 -0.195073 -0.92638 -37.8849
-0.874544 0.313286 -0.370247 310.899
0 0 0 1
image_transducer0_3D_t1464352057375_layer0
0.360249 0.93013 -0.0714554 -81.732
0.322699 -0.196115 -0.925993 -39.2262
-0.875241 0.310582 -0.370878 310.422
0 0 0 1
image_transducer0_3D_t1464352057648_layer0
0.362346 0.929255 -0.0722344 -81.5314
0.322351 -0.197653 -0.925787 -40.3646
-0.874503 0.312222 -0.371241 309.964
0 0 0 1
image_transducer0_3D_t1464352057921_layer0
0.369608 0.926084 -0.0760626 -81.3279
0.317679 -0.20286 -0.926276 -41.7284
-0.873173 0.318247 -0.369251 309.692
0 0 0 1
image_transducer0_3D_t1464352058193_layer0
0.370494 0.925758 -0.0757164 -80.6244
0.321203 -0.204177 -0.924769 -42.8528
-0.871506 0.318353 -0.373079 308.715
0 0 0 1
image_transducer0_3D_t1464352058466_layer0
0.369947 0.926113 -0.0740286 -80.2105
0.323649 -0.20315 -0.924142 -44.0661
-0.870833 0.317977 -0.374966 307.959
0 0 0 1
image_transducer0_3D_t1464352058739_layer0
0.371687 0.925643 -0.0711324 -79.9603
0.325285 -0.20161 -0.923905 -45.3358
-0.869481 0.320318 -0.37611 307.325
0 0 0 1
image_transducer0_3D_t1464352059012_layer0
0.37476 0.924397 -0.0712101 -79.7254
0.323748 -0.202445 -0.924262 -46.7192
-0.868736 0.323374 -0.375216 306.56
0 0 0 1
image_transducer0_3D_t1464352059285_layer0
0.384723 0.920562 -0.067659 -80.0697
0.329155 -0.205301 -0.921718 -48.4025
-0.862325 0.332388 -0.382069 305.508
0 0 0 1
image_transducer0_3D_t1464352059557_layer0
0.397741 0.915455 -0.061365 -80.8958
0.334512 -0.206965 -0.919414 -50.1698
-0.854321 0.345214 -0.388626 304.014
0 0 0 1
image_transducer0_3D_t1464352059830_layer0
0.402793 0.913434 -0.0584464 -81.0749
0.33918 -0.208266 -0.917407 -52.1645
-0.850103 0.349754 -0.393784 302.121
0 0 0 1
image_transducer0_3D_t1464352060103_layer0
0.4001 0.914778 -0.0558751 -80.6109
0.344665 -0.206679 -0.91572 -54.2764
-0.849168 0.347174 -0.398062 299.834
0 0 0 1
image_transducer0_3D_t1464352060376_layer0
0.406028 0.912656 -0.0471172 -79.7346
0.351696 -0.203637 -0.913726 -55.8433
-0.843452 0.354479 -0.403737 298.295
0 0 0 1
image_transducer0_3D_t1464352060648_layer0
0.423484 0.905305 -0.0331657 -79.1795
0.353961 -0.199058 -0.91386 -56.9356
-0.833866 0.375317 -0.404819 297.358
0 0 0 1
image_transducer0_3D_t1447408948280_layer0
0.975036 0.193267 -0.109328 -101.073000
-0.183397 0.423370 -0.887199 209.842000
-0.125180 0.885102 0.448245 281.549000
0.000000 0.000000 0.000000 1.000000
image_transducer0_3D_t1447408950929_layer0
0.931127 0.244524 -0.270575 -95.284400
-0.353189 0.419716 -0.836119 212.860000
-0.090886 0.874097 0.477172 280.270000
0.000000 0.000000 0.000000 1.000000
image_transducer0_3D_t1447408953373_layer0
0.866819 0.306245 -0.393497 -91.226700
-0.492689 0.404656 -0.770396 214.403000
-0.076699 0.861665 0.501647 278.965000
0.000000 0.000000 0.000000 1.000000
image_transducer0_3D_t1447408955613_layer0
0.774237 0.382667 -0.504107 -86.271600
-0.628474 0.370867 -0.683723 214.586000
-0.074682 0.846182 0.527635 277.438000
0.000000 0.000000 0.000000 1.000000
image_transducer0_3D_t1447408958056_layer0
0.646759 0.444223 -0.619974 -86.058100
-0.759813 0.304695 -0.574320 217.868000
-0.066223 0.842512 0.534591 277.401000
0.000000 0.000000 0.000000 1.000000
image_transducer0_3D_t1447408959889_layer0
0.489336 0.480822 -0.727572 -86.645000
-0.869081 0.199551 -0.452634 211.714000
-0.072449 0.853809 0.515520 278.827000
0.000000 0.000000 0.000000 1.000000
image_transducer0_3D_t1447408962130_layer0
0.329064 0.498341 -0.802106 -88.728600
-0.943509 0.138598 -0.300965 205.431000
-0.038813 0.855831 0.515796 279.573000
0.000000 0.000000 0.000000 1.000000
image_transducer0_3D_t1447408964166_layer0
0.186843 0.556548 -0.809534 -90.066800
-0.982301 0.116894 -0.146355 200.486000
0.013176 0.822551 0.568538 277.606000
0.000000 0.000000 0.000000 1.000000
image_transducer0_3D_t1447408966408_layer0
0.053390 0.552109 -0.832061 -98.141700
-0.997778 0.062740 -0.022393 194.284000
0.039840 0.831408 0.554232 280.240000
0.000000 0.000000 0.000000 1.000000
image_transducer0_3D_t1447408968444_layer0
-0.012830 0.561922 -0.827091 -104.480000
-0.998007 0.043908 0.045312 189.770000
0.061777 0.826024 0.560238 281.369000
0.000000 0.000000 0.000000 1.000000
image_transducer0_3D_t1447408971092_layer0
-0.145689 0.584248 -0.798392 -107.992000
-0.984523 -0.006161 0.175145 181.016000
0.097409 0.811552 0.576103 281.802000
0.000000 0.000000 0.000000 1.000000
image_transducer0_3D_t1447408973943_layer0
-0.285533 0.569938 -0.770482 -120.611000
-0.946240 -0.040158 0.320962 171.125000
0.151987 0.820706 0.550764 286.455000
0.000000 0.000000 0.000000 1.000000
image_transducer0_3D_t1447409016918_layer0
-0.517489 0.097055 -0.850168 -46.263300
-0.840707 0.127439 0.526279 127.178000
0.159422 0.987086 0.015646 296.094000
0.000000 0.000000 0.000000 1.000000
image_transducer0_3D_t1447409019566_layer0
-0.504387 0.129380 -0.853730 -46.413100
-0.850950 0.093326 0.516887 131.077000
0.146550 0.987193 0.063023 294.907000
0.000000 0.000000 0.000000 1.000000
image_transducer0_3D_t1447409022010_layer0
-0.491058 0.165991 -0.855166 -48.723900
-0.861439 0.053461 0.505038 133.768000
0.129549 0.984677 0.116738 293.782000
0.000000 0.000000 0.000000 1.000000
image_transducer0_3D_t1447409023843_layer0
-0.481920 0.205683 -0.851732 -52.967300
-0.867806 0.022307 0.496402 137.273000
0.121101 0.978364 0.167742 292.210000
0.000000 0.000000 0.000000 1.000000
image_transducer0_3D_t1447409025880_layer0
-0.475896 0.234685 -0.847612 -56.834000
-0.871728 0.001985 0.489985 141.901000
0.116674 0.972069 0.203637 291.127000
0.000000 0.000000 0.000000 1.000000
image_transducer0_3D_t1447409028120_layer0
-0.466560 0.262550 -0.844624 -60.514400
-0.878604 -0.027595 0.476752 145.560000
0.101864 0.964523 0.243552 290.010000
0.000000 0.000000 0.000000 1.000000
image_transducer0_3D_t1447409030564_layer0
-0.453405 0.295567 -0.840871 -65.423200
-0.886937 -0.056346 0.458439 150.829000
0.088119 0.953659 0.287697 288.660000
0.000000 0.000000 0.000000 1.000000
image_transducer0_3D_t1447409033619_layer0
-0.453048 0.326384 -0.829591 -68.023100
-0.888437 -0.088404 0.450403 155.083000
0.073665 0.941094 0.330023 287.269000
0.000000 0.000000 0.000000 1.000000
image_transducer0_3D_t1447409052764_layer0
0.779105 0.141430 -0.610732 -50.632500
-0.591084 0.490278 -0.640504 149.227000
0.208842 0.860014 0.465575 287.428000
0.000000 0.000000 0.000000 1.000000
image_transducer0_3D_t1447409056023_layer0
0.795444 0.198541 -0.572582 -57.197300
-0.592299 0.454654 -0.665185 159.053000
0.128260 0.868257 0.479247 284.301000
0.000000 0.000000 0.000000 1.000000
image_transducer0_3D_t1447409058060_layer0
0.798251 0.223024 -0.559514 -62.748100
-0.594372 0.442116 -0.671754 167.677000
0.097553 0.868788 0.485479 282.143000
0.000000 0.000000 0.000000 1.000000
image_transducer0_3D_t1447409060300_layer0
0.799710 0.250922 -0.545438 -67.378400
-0.597432 0.422592 -0.681535 174.162000
0.059486 0.870893 0.487859 281.113000
0.000000 0.000000 0.000000 1.000000
image_transducer0_3D_t1447409062541_layer0
0.801923 0.287138 -0.523901 -74.571600
-0.597333 0.400988 -0.694551 183.153000
0.010646 0.869920 0.493078 279.952000
0.000000 0.000000 0.000000 1.000000
image_transducer0_3D_t1447409064781_layer0
0.801938 0.331934 -0.496705 -88.019100
-0.595041 0.369883 -0.713521 195.087000
-0.053119 0.867759 0.494138 279.624000
0.000000 0.000000 0.000000 1.000000
image_transducer0_3D_t1447409066818_layer0
0.801780 0.379039 -0.462038 -94.793700
-0.585971 0.346711 -0.732413 201.882000
-0.117419 0.857975 0.500091 279.527000
0.000000 0.000000 0.000000 1.000000
image_transducer0_3D_t1447409068854_layer0
0.794262 0.418479 -0.440481 -102.996000
-0.583842 0.325046 -0.743957 209.623000
-0.168154 0.848068 0.502497 280.183000
0.000000 0.000000 0.000000 1.000000
image_transducer0_3D_t1447409071094_layer0
0.784436 0.459543 -0.416510 -110.864000
-0.582808 0.316493 -0.748442 217.478000
-0.212118 0.829851 0.516094 281.007000
0.000000 0.000000 0.000000 1.000000
image_transducer0_3D_t1447409073336_layer0
0.772353 0.479964 -0.416060 -117.311000
-0.588283 0.293458 -0.753528 225.108000
-0.239569 0.826751 0.509008 282.761000
0.000000 0.000000 0.000000 1.000000
