image_transducer0_3D_t1464352027915_layer0
1.000000 0.000000 0.000000 0.000000 
0.000000 1.000000 0.000000 0.000000 
0.000000 0.000000 1.000000 0.000000 
0.000000 0.000000 0.000000 1.000000 
image_transducer0_3D_t1464352028188_layer0
0.999987 -0.004041 -0.003084 0.082762 
0.003999 0.999900 -0.013571 -0.014189 
0.003139 0.013559 0.999903 0.744327 
0.000000 0.000000 0.000000 1.000000 
image_transducer0_3D_t1464352028460_layer0
0.999938 -0.007104 -0.008621 0.078023 
0.006872 0.999620 -0.026698 -0.181957 
0.008808 0.026637 0.999606 1.105470 
0.000000 0.000000 0.000000 1.000000 
image_transducer0_3D_t1464352028733_layer0
0.999704 -0.002461 -0.024204 0.127471 
0.001623 0.999400 -0.034597 -0.147564 
0.024274 0.034547 0.999108 1.136970 
0.000000 0.000000 0.000000 1.000000 
image_transducer0_3D_t1464352029006_layer0
0.998622 0.013002 -0.050850 0.175250 
-0.015597 0.998578 -0.050982 -0.122146 
0.050115 0.051705 0.997404 1.508220 
0.000000 0.000000 0.000000 1.000000 
image_transducer0_3D_t1464352029279_layer0
0.998346 0.012508 -0.056109 0.151706 
-0.016044 0.997884 -0.063013 -0.056401 
0.055202 0.063809 0.996434 2.341550 
0.000000 0.000000 0.000000 1.000000 
image_transducer0_3D_t1464352029551_layer0
0.997845 0.001982 -0.065578 0.235574 
-0.007411 0.996552 -0.082637 -0.093596 
0.065188 0.082945 0.994420 3.213010 
0.000000 0.000000 0.000000 1.000000 
image_transducer0_3D_t1464352029824_layer0
0.996969 0.002030 -0.077769 0.037335 
-0.009990 0.994723 -0.102107 -0.116504 
0.077152 0.102575 0.991729 3.347410 
0.000000 0.000000 0.000000 1.000000 
image_transducer0_3D_t1464352030097_layer0
0.996981 -0.000033 -0.077643 -0.997254 
-0.006591 0.996354 -0.085061 0.042904 
0.077363 0.085316 0.993346 4.091650 
0.000000 0.000000 0.000000 1.000000 
image_transducer0_3D_t1464352030370_layer0
0.995047 0.001312 -0.099396 -1.122160 
-0.011983 0.994204 -0.106839 0.059800 
0.098679 0.107501 0.989296 4.098150 
0.000000 0.000000 0.000000 1.000000 
image_transducer0_3D_t1464352030642_layer0
0.990874 0.012871 -0.134176 -0.871172 
-0.030572 0.990949 -0.130710 0.091621 
0.131279 0.133619 0.982299 4.222670 
0.000000 0.000000 0.000000 1.000000 
image_transducer0_3D_t1464352030915_layer0
0.987779 0.017518 -0.154873 -0.071768 
-0.039596 0.989268 -0.140645 0.061162 
0.150747 0.145058 0.977872 4.895720 
0.000000 0.000000 0.000000 1.000000 
image_transducer0_3D_t1464352031188_layer0
0.984326 0.008479 -0.176154 0.174730 
-0.036592 0.986926 -0.156967 -0.093822 
0.172520 0.160953 0.971767 5.646510 
0.000000 0.000000 0.000000 1.000000 
image_transducer0_3D_t1464352031461_layer0
0.984520 -0.001048 -0.175271 0.297524 
-0.029817 0.984405 -0.173372 -0.484614 
0.172719 0.175914 0.969135 6.402920 
0.000000 0.000000 0.000000 1.000000 
image_transducer0_3D_t1464352031734_layer0
0.984191 -0.008732 -0.176897 0.398091 
-0.022617 0.984411 -0.174426 0.014274 
0.175662 0.175669 0.968650 5.504390 
0.000000 0.000000 0.000000 1.000000 
image_transducer0_3D_t1464352032006_layer0
0.985718 -0.008888 -0.168170 0.622581 
-0.020986 0.984339 -0.175033 0.215725 
0.167092 0.176063 0.970094 6.001270 
0.000000 0.000000 0.000000 1.000000 
image_transducer0_3D_t1464352032279_layer0
0.987828 -0.000715 -0.155547 0.550179 
-0.027512 0.983420 -0.179241 0.180363 
0.153096 0.181339 0.971431 6.177420 
0.000000 0.000000 0.000000 1.000000 
image_transducer0_3D_t1464352032552_layer0
0.988392 0.000108 -0.151927 0.547967 
-0.030227 0.980148 -0.195949 -0.177763 
0.148889 0.198266 0.968774 6.927230 
0.000000 0.000000 0.000000 1.000000 
image_transducer0_3D_t1464352032825_layer0
0.983211 -0.003493 -0.182439 0.264335 
-0.033127 0.979786 -0.197288 -0.128989 
0.179441 0.200019 0.963220 7.113360 
0.000000 0.000000 0.000000 1.000000 
image_transducer0_3D_t1464352033098_layer0
0.963605 0.000075 -0.267332 0.938510 
-0.047103 0.984402 -0.169509 1.020580 
0.263150 0.175931 0.948578 6.444400 
0.000000 0.000000 0.000000 1.000000 
image_transducer0_3D_t1464352033370_layer0
0.961932 0.007891 -0.273174 1.130820 
-0.053045 0.985964 -0.158307 1.815830 
0.268090 0.166771 0.948849 5.465690 
0.000000 0.000000 0.000000 1.000000 
image_transducer0_3D_t1464352033643_layer0
0.954647 0.012000 -0.297499 0.938939 
-0.058618 0.987207 -0.148279 1.945610 
0.291914 0.158993 0.943137 5.224330 
0.000000 0.000000 0.000000 1.000000 
image_transducer0_3D_t1464352033916_layer0
0.946936 0.023048 -0.320595 1.090510 
-0.067704 0.989350 -0.128849 2.366500 
0.314211 0.143718 0.938412 4.587680 
0.000000 0.000000 0.000000 1.000000 
image_transducer0_3D_t1464352034188_layer0
0.931811 0.027488 -0.361900 0.869797 
-0.072695 0.991057 -0.111899 2.611460 
0.355588 0.130577 0.925476 3.959990 
0.000000 0.000000 0.000000 1.000000 
image_transducer0_3D_t1464352034461_layer0
0.932674 0.004504 -0.360692 0.777173 
-0.053716 0.990507 -0.126531 2.649280 
0.356698 0.137387 0.924062 3.180090 
0.000000 0.000000 0.000000 1.000000 
image_transducer0_3D_t1464352034734_layer0
0.922451 -0.003571 -0.386097 0.821318 
-0.054295 0.988822 -0.138865 2.727050 
0.382277 0.149059 0.911946 3.365830 
0.000000 0.000000 0.000000 1.000000 
image_transducer0_3D_t1464352035007_layer0
0.905426 -0.006427 -0.424455 0.015625 
-0.062990 0.986782 -0.149309 2.399980 
0.419804 0.161924 0.893054 4.790150 
0.000000 0.000000 0.000000 1.000000 
image_transducer0_3D_t1464352035280_layer0
0.897906 -0.014009 -0.439964 -0.109840 
-0.060401 0.986118 -0.154669 2.410530 
0.436023 0.165453 0.884595 4.591220 
0.000000 0.000000 0.000000 1.000000 
image_transducer0_3D_t1464352035553_layer0
0.905629 -0.039260 -0.422250 -0.368681 
-0.042534 0.982275 -0.182556 2.351100 
0.421933 0.183288 0.887906 4.916560 
0.000000 0.000000 0.000000 1.000000 
image_transducer0_3D_t1464352035825_layer0
0.905200 -0.046611 -0.422423 -0.847635 
-0.036777 0.981648 -0.187124 2.044580 
0.423392 0.184920 0.886873 5.768280 
0.000000 0.000000 0.000000 1.000000 
image_transducer0_3D_t1464352036098_layer0
0.907275 -0.080737 -0.412714 -1.004010 
-0.011997 0.976030 -0.217307 1.481510 
0.420366 0.202108 0.884559 5.911200 
0.000000 0.000000 0.000000 1.000000 
image_transducer0_3D_t1464352036371_layer0
0.916387 -0.094432 -0.388995 -1.856880 
-0.001677 0.970861 -0.239637 0.924182 
0.400289 0.220252 0.889527 7.097040 
0.000000 0.000000 0.000000 1.000000 
image_transducer0_3D_t1464352036643_layer0
0.922206 -0.107466 -0.371467 -2.231880 
0.004069 0.963252 -0.268569 -0.078296 
0.386678 0.246165 0.888754 8.141470 
0.000000 0.000000 0.000000 1.000000 
image_transducer0_3D_t1464352036916_layer0
0.943756 -0.086488 -0.319131 -2.474560 
-0.004644 0.961621 -0.274342 -0.938431 
0.330610 0.260394 0.907134 10.082300 
0.000000 0.000000 0.000000 1.000000 
image_transducer0_3D_t1464352037189_layer0
0.954526 -0.089154 -0.284484 -3.000410 
-0.000705 0.953561 -0.301200 -1.278430 
0.298126 0.287704 0.910136 10.841300 
0.000000 0.000000 0.000000 1.000000 
image_transducer0_3D_t1464352037462_layer0
0.956803 -0.098213 -0.273644 -3.193050 
0.009201 0.950972 -0.309139 -1.356770 
0.290590 0.293268 0.910797 11.339100 
0.000000 0.000000 0.000000 1.000000 
image_transducer0_3D_t1464352037735_layer0
0.962574 -0.113140 -0.246275 -3.866310 
0.024227 0.940979 -0.337597 -1.292430 
0.269935 0.318996 0.908502 11.211600 
0.000000 0.000000 0.000000 1.000000 
image_transducer0_3D_t1464352038007_layer0
0.955632 -0.130395 -0.264131 -5.549420 
0.021468 0.925131 -0.379040 -2.313630 
0.293781 0.356552 0.886884 12.757300 
0.000000 0.000000 0.000000 1.000000 
image_transducer0_3D_t1464352038280_layer0
0.958876 -0.145024 -0.243977 -7.939520 
0.034235 0.912425 -0.407810 -3.906410 
0.281753 0.382687 0.879867 13.602500 
0.000000 0.000000 0.000000 1.000000 
image_transducer0_3D_t1464352038553_layer0
0.957172 -0.177320 -0.228864 -8.345360 
0.054760 0.887110 -0.458298 -5.640090 
0.284293 0.426137 0.858827 16.193900 
0.000000 0.000000 0.000000 1.000000 
image_transducer0_3D_t1464352038826_layer0
0.950759 -0.212350 -0.225753 -8.005320 
0.082884 0.876076 -0.474997 -6.748370 
0.298643 0.432896 0.850537 17.975600 
0.000000 0.000000 0.000000 1.000000 
image_transducer0_3D_t1464352039098_layer0
0.953138 -0.207760 -0.219917 -6.100860 
0.079700 0.873671 -0.479945 -7.281590 
0.291849 0.439926 0.849288 19.780400 
0.000000 0.000000 0.000000 1.000000 
image_transducer0_3D_t1464352039371_layer0
0.960212 -0.189516 -0.205125 -5.604290 
0.067822 0.870756 -0.487016 -7.003240 
0.270911 0.453726 0.848964 19.631100 
0.000000 0.000000 0.000000 1.000000 
image_transducer0_3D_t1464352039644_layer0
0.962572 -0.166370 -0.213955 -5.796100 
0.041279 0.870208 -0.490953 -7.243400 
0.267865 0.463745 0.844505 19.589900 
0.000000 0.000000 0.000000 1.000000 
image_transducer0_3D_t1464352039916_layer0
0.960639 -0.152109 -0.232454 -6.287770 
0.012712 0.859964 -0.510196 -7.653810 
0.277508 0.487159 0.828049 19.909800 
0.000000 0.000000 0.000000 1.000000 
image_transducer0_3D_t1464352040189_layer0
0.965671 -0.143650 -0.216436 -6.690920 
0.012119 0.857194 -0.514851 -8.558610 
0.259486 0.494554 0.829508 20.950900 
0.000000 0.000000 0.000000 1.000000 
image_transducer0_3D_t1464352040462_layer0
0.970900 -0.143192 -0.191963 -6.513820 
0.020540 0.848396 -0.528964 -9.152510 
0.238604 0.509628 0.826648 21.827700 
0.000000 0.000000 0.000000 1.000000 
image_transducer0_3D_t1464352040735_layer0
0.973362 -0.135238 -0.185139 -6.822170 
0.014261 0.841656 -0.539826 -9.368480 
0.228828 0.522806 0.821165 22.066800 
0.000000 0.000000 0.000000 1.000000 
image_transducer0_3D_t1464352041008_layer0
0.973202 -0.125814 -0.192482 -5.985350 
0.000872 0.839060 -0.544037 -10.134600 
0.229952 0.529290 0.816685 23.360800 
0.000000 0.000000 0.000000 1.000000 
image_transducer0_3D_t1464352041280_layer0
0.970182 -0.107254 -0.217356 -3.471390 
-0.026203 0.845098 -0.533969 -10.662700 
0.240957 0.523742 0.817089 24.711500 
0.000000 0.000000 0.000000 1.000000 
image_transducer0_3D_t1464352041553_layer0
0.972683 -0.111844 -0.203416 -0.896039 
-0.020566 0.831314 -0.555422 -12.673800 
0.231223 0.544433 0.806305 26.386600 
0.000000 0.000000 0.000000 1.000000 
image_transducer0_3D_t1464352041826_layer0
0.971257 -0.102124 -0.215013 -4.542790 
-0.037249 0.826954 -0.561035 -16.233300 
0.235101 0.552918 0.799381 28.192300 
0.000000 0.000000 0.000000 1.000000 
image_transducer0_3D_t1464352042098_layer0
0.961883 -0.102917 -0.253356 -6.850870 
-0.066065 0.811577 -0.580499 -19.459700 
0.265361 0.575110 0.773842 30.055200 
0.000000 0.000000 0.000000 1.000000 
image_transducer0_3D_t1464352042371_layer0
0.957590 -0.106768 -0.267622 -8.509760 
-0.073029 0.808550 -0.583878 -19.585200 
0.278726 0.578660 0.766462 30.259900 
0.000000 0.000000 0.000000 1.000000 
image_transducer0_3D_t1464352042644_layer0
0.956167 -0.076645 -0.282613 -8.981180 
-0.108073 0.804628 -0.583862 -19.191800 
0.272149 0.588812 0.761075 30.343200 
0.000000 0.000000 0.000000 1.000000 
image_transducer0_3D_t1464352042917_layer0
0.970012 -0.060585 -0.235387 -8.408600 
-0.090634 0.808429 -0.581573 -18.007500 
0.225528 0.585467 0.778695 29.119100 
0.000000 0.000000 0.000000 1.000000 
image_transducer0_3D_t1464352043190_layer0
0.968346 -0.015679 -0.249121 -9.196010 
-0.132559 0.813363 -0.566453 -18.333500 
0.211507 0.581546 0.785538 29.370700 
0.000000 0.000000 0.000000 1.000000 
image_transducer0_3D_t1464352043463_layer0
0.964392 0.005776 -0.264415 -9.864700 
-0.162145 0.802749 -0.573850 -19.197900 
0.208944 0.596290 0.775101 30.355400 
0.000000 0.000000 0.000000 1.000000 
image_transducer0_3D_t1464352043735_layer0
0.957566 0.013122 -0.287915 -9.292940 
-0.186955 0.788563 -0.585847 -18.873700 
0.219351 0.614814 0.757554 30.128600 
0.000000 0.000000 0.000000 1.000000 
image_transducer0_3D_t1464352044008_layer0
0.952094 0.022371 -0.304986 -9.547060 
-0.203452 0.790917 -0.577112 -20.700000 
0.228308 0.611515 0.757578 31.708400 
0.000000 0.000000 0.000000 1.000000 
image_transducer0_3D_t1464352044281_layer0
0.947416 0.016846 -0.319561 -7.601380 
-0.219817 0.759987 -0.611638 -20.410800 
0.232559 0.649720 0.723727 32.132400 
0.000000 0.000000 0.000000 1.000000 
image_transducer0_3D_t1464352044555_layer0
0.936546 0.015881 -0.350186 -7.666430 
-0.244435 0.745632 -0.619907 -21.293500 
0.251265 0.666169 0.702200 33.142700 
0.000000 0.000000 0.000000 1.000000 
image_transducer0_3D_t1464352044828_layer0
0.937612 0.002967 -0.347671 -7.913240 
-0.233081 0.747350 -0.622206 -22.630200 
0.257986 0.664424 0.701416 34.494500 
0.000000 0.000000 0.000000 1.000000 
image_transducer0_3D_t1464352045100_layer0
0.937271 0.011901 -0.348399 -10.006600 
-0.250109 0.719147 -0.648285 -23.808100 
0.242835 0.694756 0.677012 35.029700 
0.000000 0.000000 0.000000 1.000000 
image_transducer0_3D_t1464352045373_layer0
0.945412 0.011485 -0.325676 -10.665600 
-0.239794 0.701252 -0.671375 -24.662700 
0.220670 0.712821 0.665726 34.746200 
0.000000 0.000000 0.000000 1.000000 
image_transducer0_3D_t1464352045646_layer0
0.951570 0.024356 -0.306466 -11.973900 
-0.234953 0.700516 -0.673851 -26.441800 
0.198272 0.713221 0.672312 35.553200 
0.000000 0.000000 0.000000 1.000000 
image_transducer0_3D_t1464352045918_layer0
0.953331 0.012851 -0.301654 -11.005300 
-0.225024 0.696376 -0.681487 -26.884600 
0.201307 0.717562 0.666768 35.837900 
0.000000 0.000000 0.000000 1.000000 
image_transducer0_3D_t1464352046191_layer0
0.950975 0.026277 -0.308149 -10.243600 
-0.241947 0.683831 -0.688358 -26.983100 
0.192634 0.729167 0.656664 36.140600 
0.000000 0.000000 0.000000 1.000000 
image_transducer0_3D_t1464352046464_layer0
0.925623 0.023745 -0.377700 -10.306900 
-0.292962 0.676753 -0.675410 -26.222100 
0.239572 0.735827 0.633375 35.552000 
0.000000 0.000000 0.000000 1.000000 
image_transducer0_3D_t1464352046737_layer0
0.885695 0.060282 -0.460338 -11.325100 
-0.369273 0.692440 -0.619810 -26.587300 
0.281393 0.718953 0.635551 36.012500 
0.000000 0.000000 0.000000 1.000000 
image_transducer0_3D_t1464352047010_layer0
0.865679 0.077180 -0.494615 -11.868500 
-0.397498 0.706573 -0.585449 -27.723500 
0.304296 0.703419 0.642344 36.856800 
0.000000 0.000000 0.000000 1.000000 
image_transducer0_3D_t1464352047283_layer0
0.887939 0.073592 -0.454036 -10.684800 
-0.366326 0.710089 -0.601314 -27.590600 
0.278155 0.700255 0.657474 36.805800 
0.000000 0.000000 0.000000 1.000000 
image_transducer0_3D_t1464352047555_layer0
0.941950 0.050749 -0.331895 -9.655750 
-0.261041 0.732376 -0.628875 -26.968400 
0.211158 0.679007 0.703109 36.176000 
0.000000 0.000000 0.000000 1.000000 
image_transducer0_3D_t1464352047828_layer0
0.971054 0.026827 -0.237350 -10.268100 
-0.180054 0.735154 -0.653552 -26.563200 
0.156956 0.677369 0.718704 35.846500 
0.000000 0.000000 0.000000 1.000000 
image_transducer0_3D_t1464352048101_layer0
0.986955 0.011361 -0.160592 -12.917500 
-0.117016 0.735722 -0.667099 -27.986000 
0.110572 0.677188 0.727454 36.460000 
0.000000 0.000000 0.000000 1.000000 
image_transducer0_3D_t1464352048373_layer0
0.991791 0.008003 -0.127622 -12.972200 
-0.095848 0.707170 -0.700517 -29.724100 
0.084644 0.706998 0.702132 37.412200 
0.000000 0.000000 0.000000 1.000000 
image_transducer0_3D_t1464352048646_layer0
0.994495 0.009427 -0.104357 -12.367000 
-0.080792 0.703184 -0.706403 -32.100000 
0.066723 0.710945 0.700075 38.661900 
0.000000 0.000000 0.000000 1.000000 
image_transducer0_3D_t1464352048919_layer0
0.997355 -0.000223 -0.072690 -11.393800 
-0.051640 0.701609 -0.710688 -33.859500 
0.051158 0.712562 0.699742 40.023400 
0.000000 0.000000 0.000000 1.000000 
image_transducer0_3D_t1464352049192_layer0
0.998322 -0.013497 -0.056306 -10.807800 
-0.031564 0.688390 -0.724653 -34.977500 
0.048541 0.725215 0.686809 40.576100 
0.000000 0.000000 0.000000 1.000000 
image_transducer0_3D_t1464352049464_layer0
0.997877 -0.007939 -0.064638 -11.325200 
-0.041847 0.682336 -0.729840 -36.357500 
0.049899 0.730996 0.680555 41.339100 
0.000000 0.000000 0.000000 1.000000 
image_transducer0_3D_t1464352049737_layer0
0.999088 -0.023177 -0.035873 -13.114100 
-0.010084 0.688187 -0.725463 -37.408400 
0.041501 0.725163 0.687326 41.622900 
0.000000 0.000000 0.000000 1.000000 
image_transducer0_3D_t1464352050010_layer0
0.999290 -0.035003 0.013949 -14.477900 
0.034215 0.687849 -0.725047 -38.411200 
0.015784 0.725010 0.688558 42.072200 
0.000000 0.000000 0.000000 1.000000 
image_transducer0_3D_t1464352050283_layer0
0.999734 -0.021265 -0.008911 -14.810200 
0.007985 0.681881 -0.731420 -38.312000 
0.021630 0.731154 0.681869 41.872100 
0.000000 0.000000 0.000000 1.000000 
image_transducer0_3D_t1464352050556_layer0
0.999585 0.013354 -0.025537 -12.289500 
-0.027741 0.685852 -0.727212 -38.009800 
0.007803 0.727618 0.685938 42.259700 
0.000000 0.000000 0.000000 1.000000 
image_transducer0_3D_t1464352050828_layer0
0.998551 0.046883 -0.026417 -9.288730 
-0.051369 0.684150 -0.727530 -38.553100 
-0.016035 0.727833 0.685567 43.039000 
0.000000 0.000000 0.000000 1.000000 
image_transducer0_3D_t1464352051101_layer0
0.996471 0.079665 -0.026427 -7.516370 
-0.074045 0.686085 -0.723744 -38.686300 
-0.039526 0.723147 0.689562 43.116000 
0.000000 0.000000 0.000000 1.000000 
image_transducer0_3D_t1464352051374_layer0
0.990445 0.134655 -0.029763 -5.816040 
-0.114825 0.685717 -0.718754 -39.709600 
-0.076375 0.715304 0.694627 43.611400 
0.000000 0.000000 0.000000 1.000000 
image_transducer0_3D_t1464352051647_layer0
0.989102 0.146569 -0.013947 -5.962890 
-0.110900 0.679367 -0.725370 -39.736400 
-0.096841 0.719012 0.688218 43.591600 
0.000000 0.000000 0.000000 1.000000 
image_transducer0_3D_t1464352051920_layer0
0.989945 0.141191 -0.008623 -5.806980 
-0.101877 0.669353 -0.735926 -39.307100 
-0.098134 0.729405 0.677007 43.310600 
0.000000 0.000000 0.000000 1.000000 
image_transducer0_3D_t1464352052192_layer0
0.986649 0.161412 0.021675 -7.685920 
-0.092128 0.662915 -0.743005 -39.241300 
-0.134298 0.731088 0.668935 43.952700 
0.000000 0.000000 0.000000 1.000000 
image_transducer0_3D_t1464352052465_layer0
0.988403 0.151405 -0.011635 -6.678770 
-0.109882 0.660236 -0.742977 -40.856000 
-0.104808 0.735639 0.669216 44.999700 
0.000000 0.000000 0.000000 1.000000 
image_transducer0_3D_t1464352052738_layer0
0.990873 0.134741 -0.003870 -4.022310 
-0.091429 0.650713 -0.753799 -40.179500 
-0.099050 0.747273 0.657094 44.875600 
0.000000 0.000000 0.000000 1.000000 
image_transducer0_3D_t1464352053010_layer0
0.989828 0.142002 -0.008698 -4.445550 
-0.099723 0.648917 -0.754296 -41.277500 
-0.101467 0.747491 0.656477 45.350900 
0.000000 0.000000 0.000000 1.000000 
image_transducer0_3D_t1464352053284_layer0
0.989348 0.145250 -0.009663 -4.471530 
-0.103142 0.652595 -0.750654 -41.716400 
-0.102726 0.743654 0.660625 45.713600 
0.000000 0.000000 0.000000 1.000000 
image_transducer0_3D_t1464352053556_layer0
0.989488 0.144216 0.010713 -3.927530 
-0.086574 0.650076 -0.754921 -41.421800 
-0.115836 0.746058 0.655728 45.485400 
0.000000 0.000000 0.000000 1.000000 
image_transducer0_3D_t1464352053829_layer0
0.989315 0.144410 0.020043 -3.917550 
-0.079246 0.648030 -0.757481 -41.658000 
-0.122377 0.747799 0.652550 45.685200 
0.000000 0.000000 0.000000 1.000000 
image_transducer0_3D_t1464352054102_layer0
0.989143 0.146495 0.011616 -3.338160 
-0.085737 0.639481 -0.764011 -42.038200 
-0.119352 0.754721 0.645098 46.240700 
0.000000 0.000000 0.000000 1.000000 
image_transducer0_3D_t1464352054375_layer0
0.986464 0.156640 0.048496 -2.623540 
-0.062104 0.630621 -0.773602 -42.683900 
-0.151760 0.760119 0.631813 46.700900 
0.000000 0.000000 0.000000 1.000000 
image_transducer0_3D_t1464352054647_layer0
0.987130 0.149406 0.057033 -2.008310 
-0.052226 0.638248 -0.768057 -43.609000 
-0.151153 0.755193 0.637837 47.674200 
0.000000 0.000000 0.000000 1.000000 
image_transducer0_3D_t1464352054920_layer0
0.984676 0.155632 0.078685 -1.344290 
-0.038625 0.634619 -0.771859 -43.550000 
-0.170061 0.756992 0.630906 47.900200 
0.000000 0.000000 0.000000 1.000000 
image_transducer0_3D_t1464352055193_layer0
0.984182 0.161089 0.073735 -1.352100 
-0.045035 0.630010 -0.775280 -44.421100 
-0.171343 0.759696 0.627299 48.475100 
0.000000 0.000000 0.000000 1.000000 
image_transducer0_3D_t1464352055466_layer0
0.984607 0.162088 0.065396 -0.974011 
-0.050564 0.622307 -0.781138 -45.080800 
-0.167310 0.765807 0.620924 48.918500 
0.000000 0.000000 0.000000 1.000000 
image_transducer0_3D_t1464352055739_layer0
0.982698 0.167883 0.078234 -0.344824 
-0.041852 0.612739 -0.789176 -45.076100 
-0.180427 0.772247 0.609164 48.960700 
0.000000 0.000000 0.000000 1.000000 
image_transducer0_3D_t1464352056011_layer0
0.981413 0.179574 0.067687 -0.087081 
-0.054151 0.597507 -0.800033 -44.743800 
-0.184109 0.781498 0.596125 48.928900 
0.000000 0.000000 0.000000 1.000000 
image_transducer0_3D_t1464352056284_layer0
0.983344 0.169733 0.065003 0.139343 
-0.046744 0.581785 -0.811999 -44.577200 
-0.175640 0.795435 0.580028 48.651000 
0.000000 0.000000 0.000000 1.000000 
image_transducer0_3D_t1464352056557_layer0
0.982953 0.168311 0.073992 0.442873 
-0.032199 0.553813 -0.832018 -44.776400 
-0.181016 0.815453 0.549791 48.348900 
0.000000 0.000000 0.000000 1.000000 
image_transducer0_3D_t1464352056830_layer0
0.983854 0.159741 0.080713 1.070660 
-0.021466 0.553042 -0.832877 -46.941100 
-0.177682 0.817696 0.547542 49.524600 
0.000000 0.000000 0.000000 1.000000 
image_transducer0_3D_t1464352057102_layer0
0.981748 0.165444 0.093800 1.269500 
-0.009987 0.537370 -0.843288 -49.158800 
-0.189922 0.826959 0.529214 50.995600 
0.000000 0.000000 0.000000 1.000000 
image_transducer0_3D_t1464352057375_layer0
0.980439 0.151106 0.126121 1.578710 
0.028519 0.524957 -0.850651 -50.034600 
-0.194746 0.837608 0.510379 51.330400 
0.000000 0.000000 0.000000 1.000000 
image_transducer0_3D_t1464352057648_layer0
0.979637 0.160687 0.120376 1.136570 
0.015123 0.538794 -0.842302 -51.740000 
-0.200205 0.826971 0.525393 52.407200 
0.000000 0.000000 0.000000 1.000000 
image_transducer0_3D_t1464352057921_layer0
0.981111 0.154017 0.117048 1.192090 
0.020489 0.518928 -0.854572 -51.759700 
-0.192358 0.840828 0.505970 52.637000 
0.000000 0.000000 0.000000 1.000000 
image_transducer0_3D_t1464352058193_layer0
0.977605 0.159890 0.136836 1.222940 
0.035043 0.517453 -0.854994 -53.540900 
-0.207512 0.840641 0.500262 54.265200 
0.000000 0.000000 0.000000 1.000000 
image_transducer0_3D_t1464352058466_layer0
0.975681 0.164088 0.145332 1.398070 
0.039759 0.519545 -0.853518 -54.964700 
-0.215559 0.838540 0.500386 55.136300 
0.000000 0.000000 0.000000 1.000000 
image_transducer0_3D_t1464352058739_layer0
0.974018 0.169552 0.150138 0.981631 
0.044560 0.506505 -0.861085 -55.911000 
-0.222044 0.845402 0.485789 55.740900 
0.000000 0.000000 0.000000 1.000000 
image_transducer0_3D_t1464352059012_layer0
0.971816 0.169872 0.163454 0.967217 
0.056069 0.506910 -0.860173 -57.338600 
-0.228976 0.845095 0.483099 56.078400 
0.000000 0.000000 0.000000 1.000000 
image_transducer0_3D_t1464352059285_layer0
0.972340 0.160174 0.169997 1.137460 
0.072371 0.485396 -0.871294 -58.735700 
-0.222074 0.859497 0.460379 56.745900 
0.000000 0.000000 0.000000 1.000000 
image_transducer0_3D_t1464352059557_layer0
0.979856 0.116308 0.162343 2.222960 
0.087982 0.478358 -0.873746 -60.729400 
-0.179281 0.870429 0.458489 57.580800 
0.000000 0.000000 0.000000 1.000000 
image_transducer0_3D_t1464352059830_layer0
0.970965 0.140663 0.193495 2.064810 
0.112931 0.443529 -0.889117 -62.314100 
-0.210887 0.885153 0.414766 58.279800 
0.000000 0.000000 0.000000 1.000000 
image_transducer0_3D_t1464352060103_layer0
0.969318 0.122097 0.213344 3.722320 
0.146625 0.409416 -0.900489 -63.592700 
-0.197293 0.904141 0.378951 58.080800 
0.000000 0.000000 0.000000 1.000000 
image_transducer0_3D_t1464352060376_layer0
0.977626 0.083177 0.193206 5.152380 
0.142882 0.411496 -0.900142 -65.528500 
-0.154374 0.907608 0.390405 59.841000 
0.000000 0.000000 0.000000 1.000000 
image_transducer0_3D_t1464352060648_layer0
0.991555 -0.113460 0.062814 12.336900 
0.065286 0.018203 -0.997701 -53.495100 
0.112055 0.993376 0.025456 56.209900 
0.000000 0.000000 0.000000 1.000000 
